9
# Grid: 9 lines of 9 values separated by commas.
# 0 = empty cell; 1..9 = pre-filled digit.
0, 0, 0, 7, 9, 0, 0, 1, 0
5, 0, 2, 0, 0, 8, 0, 6, 1
1, 4, 5, 0, 0, 6, 9, 2, 0
0, 0, 7, 3, 0, 0, 6, 0, 0
0, 0, 0, 0, 0, 1, 0, 0, 6
0, 9, 0, 1, 0, 4, 0, 0, 7
0, 0, 0, 0, 6, 0, 0, 0, 0
6, 7, 8, 2, 0, 5, 0, 0, 4
0, 0, 1, 0, 0, 3, 0, 4, 0
# Horizontal constraints: one line per row, 8 values.
# 0 = no constraint, 1 = "<", -1 = ">"
-1, -1, 1, 1, -1, 1, -1, 1
0, 0, 1, 0, 1, 0, -1, -1
0, 0, 1, -1, 0, 1, -1, 1
0, 1, -1, 0, 0, -1, 0, 0
1, 0, 0, 0, 0, 1, 0, -1
1, 0, 0, 1, 0, 1, -1, 0
0, 0, 0, 0, 0, 0, 0, 0
0, 0, 0, 1, 1, -1, 1, 0
-1, 0, 1, 1, 0, 0, -1, 0
# Vertical constraints: one line per row (8 lines), 9 values.
# 0 = no constraint, 1 = "^", -1 = "v"
-1, 0, -1, 0, -1, 0, 0, 1, -1
-1, 0, 0, -1, 1, 0, 1, -1, 1
0, 0, 0, -1, 0, 0, 0, 0, -1
0, 0, 1, 1, 0, 0, 0, 0, 0
-1, 1, 0, -1, 1, 1, 0, -1, 0
0, -1, -1, 1, 1, 1, -1, 1, 1
0, 1, 1, -1, -1, 0, -1, 1, 0
1, 0, 0, 1, 1, -1, 0, -1, 1